
P <- c(426,150,176,179,77,254,191,218,205,96,160,66,362,1,9)
PQ <- c(47,184,128,125,95,209,222,240,141,132,98,127,56,0,5)
Q <- c(0,69,150,168,301,10,60,15,117,245,207,280,55,97,204)
N <- P + PQ +Q

p <- (2*P + PQ)/(2*N)
q <- 1-p

H1 <- 2*p*q

H1

EH <- H1 * N

EH
